0.92410273 -0.00363606 -0.38212685 -2.19324425 0.00220774  0.99998884 -0.00417619 -4.19207007 0.38213777  0.00301559  0.92410044  8.91397367
0.92410273 -0.00363606 -0.38212685 -2.19324425 0.00220774  0.99998884 -0.00417619 -4.19207007 0.38213777  0.00301559  0.92410044  8.91397367
0.92410273 -0.00363606 -0.38212685 -2.19324425 0.00220774  0.99998884 -0.00417619 -4.19207007 0.38213777  0.00301559  0.92410044  8.91397367
0.92410273 -0.00363606 -0.38212685 -2.19324425 0.00220774  0.99998884 -0.00417619 -4.19207007 0.38213777  0.00301559  0.92410044  8.91397367
0.92410273 -0.00363606 -0.38212685 -2.19324425 0.00220774  0.99998884 -0.00417619 -4.19207007 0.38213777  0.00301559  0.92410044  8.91397367
0.92410273 -0.00363606 -0.38212685 -2.19324425 0.00220774  0.99998884 -0.00417619 -4.19207007 0.38213777  0.00301559  0.92410044  8.91397367
0.92410273 -0.00363606 -0.38212685 -2.19324425 0.00220774  0.99998884 -0.00417619 -4.19207007 0.38213777  0.00301559  0.92410044  8.91397367
0.92410273 -0.00363606 -0.38212685 -2.19324425 0.00220774  0.99998884 -0.00417619 -4.19207007 0.38213777  0.00301559  0.92410044  8.91397367
0.92410273 -0.00363606 -0.38212685 -2.19324425 0.00220774  0.99998884 -0.00417619 -4.19207007 0.38213777  0.00301559  0.92410044  8.91397367
0.92410273 -0.00363606 -0.38212685 -2.19324425 0.00220774  0.99998884 -0.00417619 -4.19207007 0.38213777  0.00301559  0.92410044  8.91397367
0.92410273 -0.00363606 -0.38212685 -2.19324425 0.00220774  0.99998884 -0.00417619 -4.19207007 0.38213777  0.00301559  0.92410044  8.91397367
0.92410273 -0.00363606 -0.38212685 -2.19324425 0.00220774  0.99998884 -0.00417619 -4.19207007 0.38213777  0.00301559  0.92410044  8.91397367
0.92410273 -0.00363606 -0.38212685 -2.19324425 0.00220774  0.99998884 -0.00417619 -4.19207007 0.38213777  0.00301559  0.92410044  8.91397367
0.92410273 -0.00363606 -0.38212685 -2.19324425 0.00220774  0.99998884 -0.00417619 -4.19207007 0.38213777  0.00301559  0.92410044  8.91397367
0.92410273 -0.00363606 -0.38212685 -2.19324425 0.00220774  0.99998884 -0.00417619 -4.19207007 0.38213777  0.00301559  0.92410044  8.91397367
0.92410273 -0.00363606 -0.38212685 -2.19324425 0.00220774  0.99998884 -0.00417619 -4.19207007 0.38213777  0.00301559  0.92410044  8.91397367
0.92410273 -0.00363606 -0.38212685 -2.19324425 0.00220774  0.99998884 -0.00417619 -4.19207007 0.38213777  0.00301559  0.92410044  8.91397367
0.92410273 -0.00363606 -0.38212685 -2.19324425 0.00220774  0.99998884 -0.00417619 -4.19207007 0.38213777  0.00301559  0.92410044  8.91397367
0.92410273 -0.00363606 -0.38212685 -2.19324425 0.00220774  0.99998884 -0.00417619 -4.19207007 0.38213777  0.00301559  0.92410044  8.91397367
0.92410273 -0.00363606 -0.38212685 -2.19324425 0.00220774  0.99998884 -0.00417619 -4.19207007 0.38213777  0.00301559  0.92410044  8.91397367
0.92410273 -0.00363606 -0.38212685 -2.19324425 0.00220774  0.99998884 -0.00417619 -4.19207007 0.38213777  0.00301559  0.92410044  8.91397367
0.92410273 -0.00363606 -0.38212685 -2.19324425 0.00220774  0.99998884 -0.00417619 -4.19207007 0.38213777  0.00301559  0.92410044  8.91397367
0.92410273 -0.00363606 -0.38212685 -2.19324425 0.00220774  0.99998884 -0.00417619 -4.19207007 0.38213777  0.00301559  0.92410044  8.91397367
0.92410273 -0.00363606 -0.38212685 -2.19324425 0.00220774  0.99998884 -0.00417619 -4.19207007 0.38213777  0.00301559  0.92410044  8.91397367
0.92410273 -0.00363606 -0.38212685 -2.19324425 0.00220774  0.99998884 -0.00417619 -4.19207007 0.38213777  0.00301559  0.92410044  8.91397367
0.92410273 -0.00363606 -0.38212685 -2.19324425 0.00220774  0.99998884 -0.00417619 -4.19207007 0.38213777  0.00301559  0.92410044  8.91397367
0.92410273 -0.00363606 -0.38212685 -2.19324425 0.00220774  0.99998884 -0.00417619 -4.19207007 0.38213777  0.00301559  0.92410044  8.91397367
